Fitting model for regional R2: RF Full Features + Cambridge/London Distance

Regional performance by msoa21: RF Full Features + Cambridge/London Distance
   msoa21  n_test actual_mean predicted_mean    MAE   RMSE MAPE_% median_abs_error mean_residual R2_log_price R2_price
E02003729     275     412,590        409,735 14,805 28,445   3.63            4,606         2,855       0.9461   0.9325
E02003776     251     346,082        340,549 21,636 37,001   6.78           12,177         5,533       0.9454   0.9317
E02003738     225     395,848        389,271 18,139 37,287   6.41            7,098         6,577       0.8768   0.9276
E02003788     310     455,090        444,978 24,369 41,143   6.24           10,690        10,112       0.9206   0.9266
E02003739     225     343,629        340,380 23,498 41,388   8.59           11,453         3,249       0.9080   0.9253
E02003785     277     400,703        393,284 26,860 45,390   7.51           11,210         7,420       0.9161   0.9238
E02003732     433     252,022        250,379 14,155 27,621   6.90            4,379         1,643       0.9150   0.9206
E02003786     172     428,120        422,571 25,830 47,408   8.18            6,957         5,549       0.8744   0.9174
E02003784     451     504,522        505,008 17,191 38,675   4.68            1,814          -486       0.8918   0.9172
E02003736     525     321,914        321,116 23,559 40,427   9.21           10,375           799       0.8888   0.9156
E02003791     243     443,690        444,324 21,068 39,119   5.82            9,648          -634       0.8644   0.9110
E02003722     143     341,170        338,499 44,246 63,786  17.78           34,518         2,671       0.8833   0.9064
E02006873     567     324,113        323,258 24,229 39,790   9.30           12,171           855       0.8643   0.9048
E02003735     274     381,177        378,133 26,518 45,464   9.25           10,336         3,044       0.8727   0.9017
E02003777     454     338,011        334,519 23,537 43,136   6.71            7,144         3,492       0.9386   0.9008
E02003719     233     312,737        310,324 22,361 39,245   7.99           11,219         2,413       0.8912   0.8984
E02006874     703     338,159        335,341 19,652 39,051   6.11            6,830         2,819       0.8903   0.8927
E02003728     299     388,285        386,607 34,035 50,424  11.24           19,960         1,679       0.8407   0.8917
E02003778     273     355,770        344,901 25,700 41,946   8.27           11,337        10,869       0.8516   0.8884
E02003740     142     371,823        373,101 26,488 44,624   9.06            9,712        -1,278       0.8279   0.8813
E02003780     390     378,196        371,296 28,403 47,839   9.81           13,477         6,901       0.8428   0.8805
E02003737     622     287,963        285,295 19,020 37,404   6.94            7,034         2,667       0.8916   0.8740
E02003734     415     332,026        328,158 27,661 47,215   8.84           12,069         3,868       0.8809   0.8733
E02003720     183     392,541        392,519 31,742 52,858   8.55           15,559            22       0.9050   0.8697
E02003790     341     394,403        391,301 26,811 51,400   7.57           11,162         3,102       0.8774   0.8667
E02003727     287     415,072        411,043 28,363 41,927   7.23           17,187         4,029       0.8599   0.8608
E02003726     159     413,687        402,681 33,696 55,324   8.95           14,328        11,005       0.8311   0.8573
E02003775     282     375,562        368,605 29,471 48,240   7.72           12,480         6,956       0.8926   0.8538
E02003733     489     345,144        338,640 22,746 46,833   6.40            5,114         6,504       0.8734   0.8483
E02003789     182     335,015        336,270 21,372 39,597   7.84            8,892        -1,255       0.8083   0.8475
E02006825     188     397,825        399,307 25,847 42,337   6.85           12,747        -1,481       0.8337   0.8387
E02007086     313     389,292        381,522 47,169 72,209  19.26           27,783         7,770       0.7766   0.8381
E02007085     270     382,527        377,280 32,016 57,091   9.81           10,809         5,247       0.8067   0.8372
E02003721     200     370,881        362,222 34,096 51,958  10.15           20,494         8,659       0.7727   0.8249
E02003725      92     489,725        485,418 37,875 62,229   7.60           19,881         4,307       0.8512   0.8231
E02003731     137     467,559        455,688 36,210 57,982   8.49           13,445        11,871       0.8091   0.7957
E02007087     205     439,402        424,286 34,308 70,787   8.94            8,389        15,115       0.7719   0.7902
E02003724     202     386,026        384,565 35,295 55,548   9.82           17,624         1,461       0.7925   0.7726
E02003793      57     444,464        457,628 51,842 67,154  13.04           41,147       -13,164       0.7576   0.7547
E02003792      68     442,647        431,932 52,952 68,546  12.63           42,543        10,715       0.8287   0.7538
E02003787      92     417,672        424,008 57,072 84,120  19.18           38,743        -6,336       0.6060   0.7149
E02003781     175     400,913        395,982 38,375 70,435  12.53           11,849         4,931       0.6097   0.7087
E02003723      55     465,309        474,593 53,737 84,439  14.48           23,339        -9,284       0.6301   0.6831


Fitting model for regional R2: RF Core Distance Features

Regional performance by msoa21: RF Core Distance Features
   msoa21  n_test actual_mean predicted_mean    MAE   RMSE MAPE_% median_abs_error mean_residual R2_log_price R2_price
E02003785     277     400,703        388,577 36,008 52,998   9.83           24,188        12,126       0.8895   0.8961
E02003784     451     504,522        503,693 26,130 44,303   6.64            8,670           829       0.8621   0.8913
E02003788     310     455,090        448,124 34,517 50,778   9.76           20,103         6,967       0.8695   0.8882
E02003738     225     395,848        389,174 29,128 46,399   9.12           15,364         6,674       0.8497   0.8879
E02003739     225     343,629        339,368 34,388 51,562  12.25           22,005         4,261       0.8716   0.8841
E02003729     275     412,590        412,086 25,048 37,321   6.26           16,072           504       0.9013   0.8837
E02003776     251     346,082        340,296 30,656 48,632   9.44           16,392         5,786       0.9118   0.8819
E02003722     143     341,170        333,893 54,555 71,692  23.24           43,593         7,277       0.8298   0.8818
E02003786     172     428,120        420,899 37,217 57,773  10.64           19,909         7,222       0.8518   0.8774
E02003728     299     388,285        389,361 41,566 56,200  14.28           28,257        -1,076       0.7957   0.8654
E02003735     274     381,177        381,929 37,690 53,741  13.14           24,636          -752       0.8060   0.8626
E02006873     567     324,113        324,702 33,634 48,337  12.75           23,669          -590       0.8086   0.8595
E02003736     525     321,914        319,907 37,714 53,198  14.37           25,222         2,007       0.8270   0.8538
E02003777     454     338,011        334,835 37,464 53,836  12.39           26,430         3,176       0.8731   0.8455
E02003732     433     252,022        249,875 24,483 39,826  12.00           11,955         2,147       0.8230   0.8349
E02003791     243     443,690        438,578 35,986 53,305   8.89           21,926         5,112       0.8095   0.8347
E02006825     188     397,825        395,471 31,492 43,111   8.36           22,315         2,355       0.8265   0.8327
E02003719     233     312,737        307,235 33,695 50,544  12.64           21,224         5,501       0.7827   0.8315
E02003740     142     371,823        372,037 36,170 54,155  11.44           20,007          -214       0.8021   0.8251
E02006874     703     338,159        334,908 33,168 50,039  10.53           19,940         3,251       0.8167   0.8238
E02003780     390     378,196        370,604 38,625 58,506  13.54           27,333         7,592       0.7587   0.8213
E02003726     159     413,687        404,153 43,369 62,372  12.30           24,244         9,534       0.7726   0.8186
E02003778     273     355,770        345,785 40,223 54,996  13.26           26,334         9,986       0.7617   0.8081
E02003790     341     394,403        389,360 38,144 62,701  10.92           23,097         5,043       0.8124   0.8016
E02003737     622     287,963        282,982 29,192 47,343  10.62           16,277         4,981       0.8162   0.7982
E02003720     183     392,541        390,937 46,115 67,272  12.67           32,375         1,603       0.8341   0.7890
E02007085     270     382,527        381,895 42,754 65,101  12.95           23,369           632       0.7669   0.7883
E02003725      92     489,725        483,197 48,192 68,442  10.02           26,388         6,529       0.8117   0.7860
E02003775     282     375,562        367,745 41,444 58,919  10.94           24,334         7,817       0.8309   0.7820
E02003734     415     332,026        326,372 42,896 62,306  13.82           26,733         5,655       0.7787   0.7793
E02003727     287     415,072        409,840 40,586 53,298  10.48           32,271         5,233       0.7814   0.7750
E02007086     313     389,292        376,381 63,284 88,459  25.78           41,300        12,911       0.6545   0.7570
E02003733     489     345,144        336,293 35,653 59,458  10.20           14,835         8,851       0.7943   0.7555
E02003793      57     444,464        458,672 49,201 67,366  12.61           35,351       -14,208       0.7497   0.7532
E02003792      68     442,647        435,007 54,479 70,139  13.38           44,854         7,640       0.8086   0.7423
E02003721     200     370,881        357,277 45,929 65,547  13.72           27,510        13,605       0.6732   0.7213
E02003781     175     400,913        392,185 44,367 70,847  13.31           22,652         8,728       0.6750   0.7052
E02003789     182     335,015        334,278 33,462 56,330  11.52           19,339           736       0.7038   0.6914
E02007087     205     439,402        422,630 55,321 88,834  15.62           33,826        16,772       0.5829   0.6696
E02003787      92     417,672        421,229 62,514 91,612  20.09           37,545        -3,557       0.5867   0.6618
E02003723      55     465,309        470,915 63,584 88,378  16.02           54,424        -5,606       0.6397   0.6528
E02003724     202     386,026        382,113 46,768 68,737  13.31           27,498         3,914       0.6675   0.6519
E02003731     137     467,559        448,862 51,726 82,649  12.04           25,626        18,697       0.5728   0.5849



